251/100
25*2.51
50*2.51
75*2.51
100*2.51


Q1 <- 0
Q3 <- 7

IQR <- Q3-Q1

IQR
